[Set Day to 50]
58000000 04AC0FA0
58001000 000000B8
58001000 00000000
78000000 00000038
64000000 00000000 00000032

[9999 Red Flower]
58000000 04AC0FB8
58001000 000000B8
58001000 00000000
58001000 00000018
58001000 00000018
78000000 00000120
64000000 00000000 0000270F

[9999 Blue Flower]
58000000 04AC0FB8
58001000 000000B8
58001000 00000000
58001000 00000018
58001000 00000018
78000000 00000138
64000000 00000000 0000270F

[9999 Green Flower]
58000000 04AC0FB8
58001000 000000B8
58001000 00000000
58001000 00000018
58001000 00000018
78000000 00000150
64000000 00000000 0000270F

[999 Grey Coins]
58000000 04AC0FB8
58001000 000000B8
58001000 00000000
58001000 00000018
58001000 00000018
78000000 00000030
64000000 00000000 000003E7

[999 Gold Coins]
58000000 04AC0FB8
58001000 000000B8
58001000 00000000
58001000 00000018
58001000 00000018
78000000 00000048
64000000 00000000 000003E7

[999 Pink Coins]
58000000 04ABDB10
58001000 00000228
58001000 00000000
58001000 00000018
58001000 00000018
78000000 00000060
64000000 00000000 000003E7

