[Inf. Gold]
58000000 04797600
58001000 000000B8
58001000 00000000
78000000 00000024
64000000 00000000 0000270F
58000000 04797600
58001000 000000B8
58001000 00000000
78000000 00000028
64000000 00000000 0000270F

[Inf. Life]
58000000 04B17980
58001000 00000560
58001000 00000010
58001000 00000188
58001000 000000C0
78000000 00000020
64000000 00000000 000003E7

[Inf. Endurance/Stamina]
58000000 04B17980
58001000 00000560
58001000 00000010
58001000 00000028
58001000 00000038
78000000 00000020
64000000 00000000 000003E7

[Invincible]
58000000 04B17980
58001000 00000560
58001000 00000010
58001000 00000188
58001000 000000A8
78000000 00000018
64000000 00000000 000003E7

[Inf. Rage]
58000000 04B17980
58001000 00000560
58001000 00000010
58001000 00000188
58001000 00000488
78000000 00000054
64000000 00000000 000001F4

[Inf. Magic Stone]
58000000 04793E88
58001000 000000B8
58001000 00000000
58001000 00000018
58001000 00000040
78000000 00000074
64000000 00000000 00000063

