[Inf. Gold]
58000000 04632C28
58001000 000000B8
58001000 00000000
78000000 00000024
64000000 00000000 0000270F
58000000 04632C28
58001000 000000B8
58001000 00000000
78000000 00000028
64000000 00000000 0000270F

[Inf. Life]
58000000 0481F9C0
58001000 00000040
58001000 000000C0
78000000 00000020
64000000 00000000 000003E7

[Inf. Rage]
58000000 0481F9C0
58001000 00000040
58001000 000000B8
58001000 00000088
78000000 00000020
64000000 00000000 000003E7

[Invincibility]
58000000 0481F9C0
58001000 00000040
58001000 000000A8
78000000 00000018
64000000 00000000 000003E7

